0.9999911153
0.9999918055
0.9999924659
0.9999930968
0.9999936982
0.9999942705
0.9999948137
0.9999953282
0.9999958139
0.9999962716
0.9999901024
0.9999913066
0.9999924278
0.9999934668
0.9999944244
0.9999953017
0.9999960994
0.9999904558
0.9999923813
0.9999940783
0.9999955506
0.9999904086
0.9999935193
0.9999960009
0.9999936203
0.9999924509
0.9999916043
1.0000052676
2.0000000000
2.0000054424
2.0000052526
2.0000034747
2.0000058020
2.0000087537
2.0000041159
2.0000055326
2.0000071732
2.0000090412
2.0000037134
2.0000044917
2.0000053488
2.0000062863
2.0000073046
2.0000084053
2.0000095886
2.0000036184
2.0000040691
2.0000045477
2.0000050551
2.0000055911
